[gd_scene load_steps=29 format=3 uid="uid://c88pmtg6wa2dt"]

[ext_resource type="PackedScene" uid="uid://3l6e4rmbj5lr" path="res://Models/Main Character/Main Character.glb" id="1_3c1tp"]
[ext_resource type="Script" path="res://Scripts/Cabbit Catcher/CabbitManager.cs" id="1_wyymy"]
[ext_resource type="PackedScene" uid="uid://205qf6tgsbee" path="res://Prefabs/Cabbit Catcher/Cabbit.tscn" id="2_m5jjx"]
[ext_resource type="Script" path="res://Scripts/Cabbit Catcher/MainCharacterIdle.cs" id="2_vpurr"]
[ext_resource type="PackedScene" uid="uid://ft7ec248w61a" path="res://Prefabs/Cabbit Catcher/RedCabbit.tscn" id="3_t710x"]
[ext_resource type="PackedScene" uid="uid://cvjk32i0a5hd5" path="res://Prefabs/Cabbit Catcher/Grabber.tscn" id="5_17dnk"]
[ext_resource type="Environment" uid="uid://dpwo2jkg4lb0r" path="res://Environments/Chapple_Env.tres" id="6_iamq1"]
[ext_resource type="PackedScene" uid="uid://5w5d2td6s4na" path="res://Models/BackGround Assets/Dirt Pile.glb" id="7_1rclw"]
[ext_resource type="PackedScene" uid="uid://cbqw3d2bd321c" path="res://Models/BackGround Assets/Barn.glb" id="8_587li"]
[ext_resource type="PackedScene" uid="uid://du2td3j30thsa" path="res://Models/BackGround Assets/Barn Fence gates Left.glb" id="9_jkroo"]
[ext_resource type="PackedScene" uid="uid://bba5tpbitmi2q" path="res://Models/BackGround Assets/Barn Fence gates Right.glb" id="10_0l1ff"]
[ext_resource type="PackedScene" uid="uid://od36rmfylgvp" path="res://Models/BackGround Assets/Barn Fence Post Mid.glb" id="11_p38j0"]
[ext_resource type="PackedScene" uid="uid://c4fvulx47clvs" path="res://Models/BackGround Assets/Barn Fence Post End.glb" id="12_glmgm"]
[ext_resource type="PackedScene" uid="uid://iwv2n267v556" path="res://Models/BackGround Assets/Farm Silo.glb" id="13_0t7m2"]
[ext_resource type="PackedScene" uid="uid://cbibqxpir8ujw" path="res://Models/BackGround Assets/Farm Grain Bin.glb" id="13_77pd1"]
[ext_resource type="PackedScene" uid="uid://ba8hu6f6e0ri4" path="res://Models/BackGround Assets/Bush.glb" id="16_j7yax"]

[sub_resource type="LabelSettings" id="LabelSettings_dlene"]
font_size = 26

[sub_resource type="LabelSettings" id="LabelSettings_v8s7s"]

[sub_resource type="LabelSettings" id="LabelSettings_upce0"]
font_size = 18

[sub_resource type="LabelSettings" id="LabelSettings_fhft2"]
font_size = 18

[sub_resource type="LabelSettings" id="LabelSettings_f8ccv"]
font_size = 28

[sub_resource type="LabelSettings" id="LabelSettings_pdk51"]
font_size = 20

[sub_resource type="LabelSettings" id="LabelSettings_kuqic"]
font_size = 20

[sub_resource type="LabelSettings" id="LabelSettings_st5n6"]
font_size = 32

[sub_resource type="StandardMaterial3D" id="StandardMaterial3D_wgmvt"]
albedo_color = Color(1.39579e-05, 0.932922, 0, 1)

[sub_resource type="BoxMesh" id="BoxMesh_y3n4v"]
material = SubResource("StandardMaterial3D_wgmvt")

[sub_resource type="StandardMaterial3D" id="StandardMaterial3D_mw0w0"]
albedo_color = Color(0, 0.678431, 0, 1)

[sub_resource type="BoxMesh" id="BoxMesh_khs4o"]
material = SubResource("StandardMaterial3D_mw0w0")

[node name="CabbitCatcher" type="Node3D"]

[node name="UI" type="CanvasLayer" parent="."]

[node name="ScorePanel" type="Panel" parent="UI"]
offset_left = 15.0
offset_top = 12.0
offset_right = 182.0
offset_bottom = 52.0

[node name="ScoreLabel" type="Label" parent="UI/ScorePanel"]
layout_mode = 1
anchors_preset = -1
anchor_right = 1.0
anchor_bottom = 1.0
offset_left = 5.0
offset_right = -5.0
grow_horizontal = 2
grow_vertical = 2
text = "Cabbits Caught: 0"
vertical_alignment = 1

[node name="FailsPanel" type="Panel" parent="UI"]
anchors_preset = 1
anchor_left = 1.0
anchor_right = 1.0
offset_left = -206.0
offset_top = 12.0
offset_right = -15.0
offset_bottom = 52.0
grow_horizontal = 0

[node name="FailsLabel" type="Label" parent="UI/FailsPanel"]
layout_mode = 1
anchors_preset = -1
anchor_right = 1.0
anchor_bottom = 1.0
offset_left = 5.0
offset_right = -5.0
grow_horizontal = 2
grow_vertical = 2
text = "Red Cabbits Caught: 0"
vertical_alignment = 1

[node name="StartGamePanel" type="Panel" parent="UI"]
anchors_preset = 8
anchor_left = 0.5
anchor_top = 0.5
anchor_right = 0.5
anchor_bottom = 0.5
offset_left = -155.0
offset_top = -188.0
offset_right = 166.0
offset_bottom = 14.0
grow_horizontal = 2
grow_vertical = 2

[node name="ChappleFallLabel" type="Label" parent="UI/StartGamePanel"]
layout_mode = 1
anchors_preset = 10
anchor_right = 1.0
offset_bottom = 26.0
grow_horizontal = 2
text = "Cabbit Catcher"
label_settings = SubResource("LabelSettings_dlene")
horizontal_alignment = 1

[node name="DescriptionLabel" type="Label" parent="UI/StartGamePanel"]
layout_mode = 1
anchors_preset = -1
anchor_top = 0.187
anchor_right = 1.0
anchor_bottom = 0.326
offset_top = 0.0559998
offset_bottom = 0.0629959
grow_horizontal = 2
grow_vertical = 2
text = "Welcome to Cabbit Catcher"
label_settings = SubResource("LabelSettings_v8s7s")
horizontal_alignment = 1

[node name="DescriptionLabel2" type="Label" parent="UI/StartGamePanel"]
layout_mode = 1
anchors_preset = -1
anchor_top = 0.348
anchor_right = 1.0
anchor_bottom = 0.487
offset_left = 10.0
offset_top = -0.0660095
offset_right = -10.0
offset_bottom = -0.0589981
grow_horizontal = 2
grow_vertical = 2
text = "Use space to extend the grabber
"
label_settings = SubResource("LabelSettings_v8s7s")

[node name="DescriptionLabel3" type="Label" parent="UI/StartGamePanel"]
layout_mode = 1
anchors_preset = -1
anchor_top = 0.5
anchor_right = 1.0
anchor_bottom = 0.771
offset_left = 10.0
offset_top = -1.38
offset_right = -9.0
offset_bottom = 0.0479736
grow_horizontal = 2
grow_vertical = 2
text = "Grab the Orange cabbits while avoiding
Red Cabbits"
label_settings = SubResource("LabelSettings_v8s7s")

[node name="StartGameButton" type="Button" parent="UI/StartGamePanel"]
modulate = Color(0.32549, 1, 0.298039, 1)
clip_children = 2
layout_mode = 1
anchors_preset = -1
anchor_top = 1.0
anchor_bottom = 1.0
offset_left = 15.92
offset_top = -40.89
offset_right = 125.92
offset_bottom = -9.89
grow_vertical = 2

[node name="Label" type="Label" parent="UI/StartGamePanel/StartGameButton"]
layout_mode = 1
anchors_preset = 15
anchor_right = 1.0
anchor_bottom = 1.0
grow_horizontal = 2
grow_vertical = 2
text = "Start Game"
label_settings = SubResource("LabelSettings_upce0")
horizontal_alignment = 1
vertical_alignment = 1

[node name="BackToHubButton" type="Button" parent="UI/StartGamePanel"]
modulate = Color(0.180392, 0.411765, 1, 1)
layout_mode = 1
anchors_preset = -1
anchor_left = 1.0
anchor_top = 1.0
anchor_right = 1.0
anchor_bottom = 1.0
offset_left = -133.16
offset_top = -40.89
offset_right = -16.16
offset_bottom = -9.89
grow_horizontal = 0
grow_vertical = 2

[node name="Label" type="Label" parent="UI/StartGamePanel/BackToHubButton"]
layout_mode = 1
anchors_preset = 15
anchor_right = 1.0
anchor_bottom = 1.0
grow_horizontal = 2
grow_vertical = 2
text = "Back to Hub"
label_settings = SubResource("LabelSettings_fhft2")
horizontal_alignment = 1
vertical_alignment = 1

[node name="GameOverPanel" type="Panel" parent="UI"]
visible = false
anchors_preset = 8
anchor_left = 0.5
anchor_top = 0.5
anchor_right = 0.5
anchor_bottom = 0.5
offset_left = -150.0
offset_top = -175.0
offset_right = 151.0
offset_bottom = 12.0
grow_horizontal = 2
grow_vertical = 2

[node name="GameOverLabel" type="Label" parent="UI/GameOverPanel"]
layout_mode = 1
anchors_preset = 10
anchor_right = 1.0
offset_bottom = 26.0
grow_horizontal = 2
text = "Game Over"
label_settings = SubResource("LabelSettings_f8ccv")
horizontal_alignment = 1

[node name="ScoreLabel" type="Label" parent="UI/GameOverPanel"]
layout_mode = 1
anchors_preset = -1
anchor_left = 0.164
anchor_top = 0.273
anchor_right = 0.164
anchor_bottom = 0.273
offset_left = -37.864
offset_top = 10.469
offset_right = 97.136
offset_bottom = 41.469
text = "Cabbits Caught: 0"
label_settings = SubResource("LabelSettings_pdk51")

[node name="TryAgainButton" type="Button" parent="UI/GameOverPanel"]
modulate = Color(0.32549, 1, 0.298039, 1)
clip_children = 2
layout_mode = 1
anchors_preset = -1
anchor_left = 0.221
anchor_top = 0.644
anchor_right = 0.221
anchor_bottom = 0.644
offset_left = -55.021
offset_top = 25.572
offset_right = 54.979
offset_bottom = 56.572
grow_vertical = 2

[node name="Label" type="Label" parent="UI/GameOverPanel/TryAgainButton"]
layout_mode = 1
anchors_preset = 15
anchor_right = 1.0
anchor_bottom = 1.0
grow_horizontal = 2
grow_vertical = 2
text = "Try Again"
label_settings = SubResource("LabelSettings_upce0")
horizontal_alignment = 1
vertical_alignment = 1

[node name="BackToHubButton" type="Button" parent="UI/GameOverPanel"]
modulate = Color(0.180392, 0.411765, 1, 1)
layout_mode = 1
anchors_preset = -1
anchor_left = 0.767
anchor_top = 0.644
anchor_right = 0.767
anchor_bottom = 0.644
offset_left = -58.367
offset_top = 25.572
offset_right = 58.633
offset_bottom = 56.572
grow_horizontal = 0
grow_vertical = 2

[node name="Label" type="Label" parent="UI/GameOverPanel/BackToHubButton"]
layout_mode = 1
anchors_preset = 15
anchor_right = 1.0
anchor_bottom = 1.0
grow_horizontal = 2
grow_vertical = 2
text = "Back to Hub"
label_settings = SubResource("LabelSettings_fhft2")
horizontal_alignment = 1
vertical_alignment = 1

[node name="HighscorePanel" type="Panel" parent="UI"]
anchors_preset = 7
anchor_left = 0.5
anchor_top = 1.0
anchor_right = 0.5
anchor_bottom = 1.0
offset_left = -205.5
offset_top = -286.0
offset_right = 205.5
offset_bottom = -21.0
grow_horizontal = 2
grow_vertical = 0

[node name="Title" type="Label" parent="UI/HighscorePanel"]
layout_mode = 1
anchors_preset = 10
anchor_right = 1.0
offset_bottom = 26.0
grow_horizontal = 2
text = "Highscores"
label_settings = SubResource("LabelSettings_kuqic")
horizontal_alignment = 1
vertical_alignment = 1

[node name="List" type="ItemList" parent="UI/HighscorePanel"]
layout_mode = 1
anchors_preset = -1
anchor_top = 0.177
anchor_right = 1.0
anchor_bottom = 1.0
offset_top = 0.0950012
grow_horizontal = 2
grow_vertical = 0
same_column_width = true

[node name="NewHighscoreLabel" type="Label" parent="UI"]
visible = false
anchors_preset = 5
anchor_left = 0.5
anchor_right = 0.5
offset_left = -145.0
offset_top = 19.0
offset_right = 145.0
offset_bottom = 67.0
grow_horizontal = 2
text = "NEW HIGHSCORE!!!"
label_settings = SubResource("LabelSettings_st5n6")
horizontal_alignment = 1
vertical_alignment = 1

[node name="Main Character" parent="." instance=ExtResource("1_3c1tp")]
transform = Transform3D(-1, 0, -1.50996e-07, 0, 1, 0, 1.50996e-07, 0, -1, -10.9111, 3.70065, -1.86384)
script = ExtResource("2_vpurr")

[node name="CabbitManager" type="Node" parent="."]
script = ExtResource("1_wyymy")
cabbitPrefab = ExtResource("2_m5jjx")
redCabbitPrefab = ExtResource("3_t710x")

[node name="WorldEnvironment" type="WorldEnvironment" parent="."]
environment = ExtResource("6_iamq1")

[node name="Ground" type="MeshInstance3D" parent="."]
transform = Transform3D(164.574, 0, 0, 0, 1.93664, 0, 0, 0, 8.24968, 0, -0.463306, 0)
mesh = SubResource("BoxMesh_y3n4v")

[node name="Dirt Pile" parent="Ground" instance=ExtResource("7_1rclw")]
transform = Transform3D(0.00607629, 0, 0, 0, 0.516358, 0, 0, 0, 0.121217, -0.0204735, 0.440519, 0)

[node name="Dirt Pile2" parent="Ground" instance=ExtResource("7_1rclw")]
transform = Transform3D(0.00607629, 0, 0, 0, 0.516358, 0, 0, 0, 0.121217, 0.0250124, 0.440519, 0)

[node name="Dirt Pile3" parent="Ground" instance=ExtResource("7_1rclw")]
transform = Transform3D(0.00607629, 0, 0, 0, 0.516358, 0, 0, 0, 0.121217, 0.0708107, 0.440519, 0)

[node name="Bush" parent="Ground" instance=ExtResource("16_j7yax")]
transform = Transform3D(0.0081061, 0, 0, 0, 0.68885, 0, 0, 0, 0.16171, 0.112227, 0.965786, 0.0439083)

[node name="Bush2" parent="Ground" instance=ExtResource("16_j7yax")]
transform = Transform3D(0.00607629, 0, 0, 0, 0.516358, 0, 0, 0, 0.121217, -0.0774991, 0.715205, -0.795263)

[node name="Bush3" parent="Ground" instance=ExtResource("16_j7yax")]
transform = Transform3D(0.00607629, 0, 0, 0, 0.516358, 0, 0, 0, 0.121217, -0.0388025, 0.715205, -0.795263)

[node name="Bush4" parent="Ground" instance=ExtResource("16_j7yax")]
transform = Transform3D(0.00607629, 0, 0, 0, 0.516358, 0, 0, 0, 0.121217, -0.0567114, 0.715205, -0.795263)

[node name="Bush5" parent="Ground" instance=ExtResource("16_j7yax")]
transform = Transform3D(0.00607629, 0, 0, 0, 0.516358, 0, 0, 0, 0.121217, 0.0123445, 0.715205, -0.795263)

[node name="Bush6" parent="Ground" instance=ExtResource("16_j7yax")]
transform = Transform3D(0.00607629, 0, 0, 0, 0.516358, 0, 0, 0, 0.121217, -0.00643528, 0.715205, -0.795263)

[node name="SpawnPoints" type="Node3D" parent="."]
transform = Transform3D(1, 0, 0, 0, 1, 0, 0, 0, 1, 0, -0.453043, 0)

[node name="Spawn1" type="Node3D" parent="SpawnPoints"]
transform = Transform3D(1, 0, 0, 0, 1, 0, 0, 0, 1, -4.58235, -0.497202, 0)

[node name="Spawn2" type="Node3D" parent="SpawnPoints"]
transform = Transform3D(1, 0, 0, 0, 1, 0, 0, 0, 1, -2.59889, -0.497202, 0)

[node name="Spawn3" type="Node3D" parent="SpawnPoints"]
transform = Transform3D(1, 0, 0, 0, 1, 0, 0, 0, 1, -0.330229, -0.497202, 0)

[node name="Spawn4" type="Node3D" parent="SpawnPoints"]
transform = Transform3D(1, 0, 0, 0, 1, 0, 0, 0, 1, 2.63286, -0.497202, 0)

[node name="Spawn5" type="Node3D" parent="SpawnPoints"]
transform = Transform3D(1, 0, 0, 0, 1, 0, 0, 0, 1, 5.33896, -0.497202, 0)

[node name="Spawn6" type="Node3D" parent="SpawnPoints"]
transform = Transform3D(1, 0, 0, 0, 1, 0, 0, 0, 1, 9.56437, -0.497202, 0)

[node name="DirectionalLight3D" type="DirectionalLight3D" parent="."]
transform = Transform3D(1, 0, 0, 0, 0.342184, 0.939633, 0, -0.939633, 0.342184, 0, 2.65077, 4.41154)

[node name="Grabber" parent="." instance=ExtResource("5_17dnk")]
transform = Transform3D(1, 0, 0, 0, 0.93358, -0.358368, 0, 0.358368, 0.93358, -19.3148, 2.55261, 0)

[node name="GrabberEndPosition" type="Node3D" parent="."]
transform = Transform3D(1, 0, 0, 0, 1, 0, 0, 0, 1, 3.89945, 1.25421, 0)

[node name="MainCamera" type="Camera3D" parent="."]
transform = Transform3D(1, 0, 0, 0, 1, 0, 0, 0, 1, 1.341, 9.227, 6.757)
projection = 1
size = 20.0

[node name="Background Objects" type="Node3D" parent="."]

[node name="Barn" parent="Background Objects" instance=ExtResource("8_587li")]
transform = Transform3D(-0.142067, -0.00621551, 0.0932097, 0.0439704, 0.168161, 0.0754537, -0.0823633, 0.100495, -0.120494, 0, 9.647, -52.386)

[node name="Ground2" type="MeshInstance3D" parent="Background Objects"]
transform = Transform3D(164.574, 0, 0, 0, -8.46532e-08, -52.4141, 0, 1.93664, -2.29109e-06, 0, -15.548, -60.652)
mesh = SubResource("BoxMesh_khs4o")
skeleton = NodePath("../..")

[node name="Pen" type="Node3D" parent="Background Objects"]
transform = Transform3D(0.182786, -5.56017e-09, 0.237885, 0.131844, 0.249708, -0.101306, -0.198006, 0.16627, 0.152144, -6.90354, 7.73017, -53.9397)

[node name="Barn Fence gates Left" parent="Background Objects/Pen" instance=ExtResource("9_jkroo")]
transform = Transform3D(1, -2.98023e-08, -5.96046e-08, 0, 1, -5.96046e-08, 2.98023e-08, 5.96046e-08, 1, -0.476181, 0, 1.52588e-05)

[node name="Barn Fence gates Right" parent="Background Objects/Pen" instance=ExtResource("10_0l1ff")]
transform = Transform3D(0.997402, 0.0643662, 0.032364, -0.0658605, 0.996701, 0.0474494, -0.0292036, -0.0494577, 0.998349, -5.79696, 0.583389, 0.609634)

[node name="Barn Fence Post Mid" parent="Background Objects/Pen" instance=ExtResource("11_p38j0")]
transform = Transform3D(0.89188, 0.181444, 0.414281, -0.22357, 0.973129, 0.0551064, -0.39315, -0.141769, 0.908479, -8.75641, 1.39387, 2.03256)

[node name="Barn Fence Post End" parent="Background Objects/Pen" instance=ExtResource("12_glmgm")]
transform = Transform3D(0.41229, 0.226233, 0.882517, -0.255903, 0.958439, -0.126144, -0.874375, -0.173831, 0.453048, -10.0344, 2.34821, 4.73692)

[node name="Barn Fence Post Mid2" parent="Background Objects/Pen" instance=ExtResource("11_p38j0")]
transform = Transform3D(-0.0594317, 0.0475655, 0.997098, 0.0958553, 0.994523, -0.0417297, -0.99362, 0.0930979, -0.0636659, -9.63736, 1.3689, 7.68104)

[node name="Barn Fence Post Mid3" parent="Background Objects/Pen" instance=ExtResource("11_p38j0")]
transform = Transform3D(-0.237977, 0.0475643, 0.970105, 0.101802, 0.994525, -0.0237901, -0.965922, 0.0930984, -0.241515, -8.87997, 1.19918, 10.6909)

[node name="Barn Fence gates Left2" parent="Background Objects/Pen" instance=ExtResource("9_jkroo")]
transform = Transform3D(-0.626045, 0.0475642, 0.778335, 0.102306, 0.994525, 0.0215121, -0.773047, 0.0930984, -0.627481, -8.87997, 1.19915, 10.6909)

[node name="Barn Fence gates Right2" parent="Background Objects/Pen" instance=ExtResource("10_0l1ff")]
transform = Transform3D(-0.626045, 0.0475642, 0.778335, 0.102306, 0.994525, 0.0215123, -0.773047, 0.0930985, -0.627481, -5.65013, 0.67131, 14.6792)

[node name="Barn Fence Post End2" parent="Background Objects/Pen" instance=ExtResource("12_glmgm")]
transform = Transform3D(-0.847837, 0.0475642, 0.528121, 0.0894745, 0.994525, 0.0540703, -0.522655, 0.0930985, -0.847447, -3.03971, 0.39534, 16.2933)

[node name="Barn Fence Post End3" parent="Background Objects/Pen" instance=ExtResource("12_glmgm")]
transform = Transform3D(-0.943681, 0.0475641, 0.327423, 0.0752915, 0.994525, 0.0725286, -0.322179, 0.0930985, -0.942091, -0.0474396, 0.157585, 17.304)

[node name="Barn Fence Post Mid4" parent="Background Objects/Pen" instance=ExtResource("11_p38j0")]
transform = Transform3D(-0.998865, 0.047564, 0.00287566, 0.0476245, 0.994525, 0.0930648, 0.00156677, 0.0930985, -0.995656, 3.02814, 0.00750732, 17.3357)

[node name="Barn Fence Post Mid5" parent="Background Objects/Pen" instance=ExtResource("11_p38j0")]
transform = Transform3D(-0.916238, 0.047564, -0.397803, 0.00631988, 0.994525, 0.104351, 0.400587, 0.0930986, -0.911518, 5.8829, -0.00675964, 16.0295)

[node name="Barn Fence Post Mid6" parent="Background Objects/Pen" instance=ExtResource("11_p38j0")]
transform = Transform3D(-0.668075, 0.0475638, -0.742572, -0.037616, 0.994526, 0.097541, 0.743144, 0.0930987, -0.662625, 7.93517, 0.113403, 13.6967)

[node name="Barn Fence Post Mid7" parent="Background Objects/Pen" instance=ExtResource("11_p38j0")]
transform = Transform3D(-0.350235, 0.0475633, -0.935454, -0.0706823, 0.994526, 0.0770282, 0.933992, 0.093099, -0.344954, 9.06841, 0.337357, 10.7245)

[node name="Barn Fence Post End4" parent="Background Objects/Pen" instance=ExtResource("12_glmgm")]
transform = Transform3D(0.112037, 0.0475632, -0.992566, -0.0979276, 0.994527, 0.0366012, 0.988868, 0.093099, 0.11608, 8.72655, 0.644562, 7.61687)

[node name="Barn Fence Post End5" parent="Background Objects/Pen" instance=ExtResource("12_glmgm")]
transform = Transform3D(0.656908, 0.047563, -0.75247, -0.101356, 0.994527, -0.0256234, 0.747128, 0.0930991, 0.658128, 6.65366, 0.964188, 5.26137)

[node name="Barn Fence Post Mid8" parent="Background Objects/Pen" instance=ExtResource("11_p38j0")]
transform = Transform3D(0.656607, -0.0515587, -0.752471, 0.0490396, 0.998476, -0.0256234, 0.752639, -0.0200776, 0.658128, 4.5233, 0.553772, 2.80968)

[node name="Barn Fence Post Mid9" parent="Background Objects/Pen" instance=ExtResource("11_p38j0")]
transform = Transform3D(0.805847, -0.051559, -0.589878, 0.0534697, 0.998476, -0.0142266, 0.589707, -0.0200773, 0.807368, 2.03157, 0.389908, 1.0603)

[node name="Barn Fence Post End6" parent="Background Objects/Pen" instance=ExtResource("12_glmgm")]
transform = Transform3D(-0.910214, -0.0515593, 0.410921, -0.0552545, 0.998478, 0.00288612, -0.410439, -0.0200771, -0.911667, 2.06995, 0.391418, 1.03876)

[node name="Bush" parent="Background Objects/Pen" instance=ExtResource("16_j7yax")]
transform = Transform3D(0.483444, 0.0689562, -0.107363, -0.0553319, 0.49238, 0.0670872, 0.114979, -0.0529846, 0.483707, -3.60471, 0.353958, 8.12318)

[node name="Bush2" parent="Background Objects/Pen" instance=ExtResource("16_j7yax")]
transform = Transform3D(0.128623, 0.0689562, -0.478227, 0.0338529, 0.49238, 0.0801018, 0.481986, -0.0529846, 0.121994, 5.05227, -0.528252, 11.1915)

[node name="Bins" type="Node3D" parent="Background Objects"]
transform = Transform3D(0.2, 0, 0, 0, 0.172061, -0.101955, 0, 0.101955, 0.172061, 9.533, 6.098, -57.785)

[node name="Farm Grain Bin" parent="Background Objects/Bins" instance=ExtResource("13_77pd1")]

[node name="Farm Grain Bin2" parent="Background Objects/Bins" instance=ExtResource("13_77pd1")]
transform = Transform3D(1, 0, 0, 0, 1, 0, 0, 0, 1, 10.815, 0, 0)

[node name="Silos" type="Node3D" parent="Background Objects"]
transform = Transform3D(1, 0, 0, 0, 1, 0, 0, 0, 1, 9.905, 7.265, -59.74)

[node name="Farm Silo" parent="Background Objects/Silos" instance=ExtResource("13_0t7m2")]
transform = Transform3D(0.25, 0, 0, 0, 0.215077, -0.127444, 0, 0.127444, 0.215077, 0, 0, 0)

[node name="Farm Silo4" parent="Background Objects/Silos" instance=ExtResource("13_0t7m2")]
transform = Transform3D(0.25, 0, 0, 0, 0.215077, -0.127444, 0, 0.127444, 0.215077, 0, 0.459, -1.105)

[node name="Farm Silo2" parent="Background Objects/Silos" instance=ExtResource("13_0t7m2")]
transform = Transform3D(0.25, 0, 0, 0, 0.215077, -0.127444, 0, 0.127444, 0.215077, 1.348, 0, 0)

[node name="Farm Silo3" parent="Background Objects/Silos" instance=ExtResource("13_0t7m2")]
transform = Transform3D(0.25, 0, 0, 0, 0.215077, -0.127444, 0, 0.127444, 0.215077, 1.348, 0.496, -2.088)

[node name="Face Bushes" type="Node3D" parent="Background Objects"]
transform = Transform3D(0.0176982, 0, -0.148952, -0.0597329, 0.13741, -0.00709735, 0.136451, 0.0601531, 0.0162128, 0.130124, 6.8239, -52.6245)

[node name="Bush3" parent="Background Objects/Face Bushes" instance=ExtResource("16_j7yax")]
transform = Transform3D(-0.285839, 2.98023e-08, 0.958278, -2.98023e-08, 1, 5.96046e-08, -0.958278, -7.45058e-09, -0.285839, 8.67764, 0, -30.2657)

[node name="Bush4" parent="Background Objects/Face Bushes" instance=ExtResource("16_j7yax")]
transform = Transform3D(0.478661, 0, 0.878, 1.49012e-08, 1, 0, -0.878, -3.72529e-09, 0.478661, -10.6715, -1.52588e-05, -32.6575)

[node name="Bush5" parent="Background Objects/Face Bushes" instance=ExtResource("16_j7yax")]
transform = Transform3D(0.937185, 2.98023e-08, 0.348834, 2.98023e-08, 1, 0, -0.348834, -3.72529e-09, 0.937185, -2.28824, -1.52588e-05, -19.4224)

[node name="Bush6" parent="Background Objects/Face Bushes" instance=ExtResource("16_j7yax")]
transform = Transform3D(0.67053, -2.98023e-08, -0.741882, 0, 1, -7.45058e-08, 0.741882, -7.45058e-09, 0.67053, -12.4343, -7.62939e-06, -5.71679)

[node name="Bush7" parent="Background Objects/Face Bushes" instance=ExtResource("16_j7yax")]
transform = Transform3D(0.750365, -2.98023e-08, -0.661024, 0, 1, -7.45058e-08, 0.661024, -1.11759e-08, 0.750365, -10.308, -1.52588e-05, -3.36421)

[node name="Bush8" parent="Background Objects/Face Bushes" instance=ExtResource("16_j7yax")]
transform = Transform3D(0.918288, -2.98023e-08, -0.395914, 0, 1, -3.72529e-08, 0.395914, -7.45058e-09, 0.918288, -8.06689, 0, -1.38993)

[node name="Bush9" parent="Background Objects/Face Bushes" instance=ExtResource("16_j7yax")]
transform = Transform3D(0.98899, -5.96046e-08, -0.147982, 0, 1, -1.49012e-08, 0.147982, -7.45058e-09, 0.98899, -5.86197, 0, -0.439293)

[node name="Bush10" parent="Background Objects/Face Bushes" instance=ExtResource("16_j7yax")]
transform = Transform3D(1, 2.98023e-08, -1.49012e-08, 0, 1, -3.72529e-09, 0, -3.72529e-09, 1, -2.94763, 0, -3.8147e-06)

[node name="Bush11" parent="Background Objects/Face Bushes" instance=ExtResource("16_j7yax")]
transform = Transform3D(1, 2.98023e-08, -1.49012e-08, 0, 1, -3.72529e-09, 0, -3.72529e-09, 1, 0, 0, 0)

[node name="Bush12" parent="Background Objects/Face Bushes" instance=ExtResource("16_j7yax")]
transform = Transform3D(0.979897, 2.98023e-08, 0.199505, -2.98023e-08, 1, 0, -0.199505, -2.23517e-08, 0.979897, 2.70288, -3.05176e-05, -0.375088)

[node name="Bush13" parent="Background Objects/Face Bushes" instance=ExtResource("16_j7yax")]
transform = Transform3D(0.906529, 2.98023e-08, 0.422144, -2.98023e-08, 1, -1.49012e-08, -0.422144, -4.84288e-08, 0.906529, 5.31158, -4.57764e-05, -1.559)

[node name="Other Bushes" type="Node3D" parent="Background Objects"]
transform = Transform3D(0.00822684, 0, 0.149774, 0.0600626, 0.13741, -0.00329913, -0.137204, 0.0601531, 0.00753634, -2.11157, 7.60053, -54.3986)

[node name="Bush14" parent="Background Objects/Other Bushes" instance=ExtResource("16_j7yax")]
transform = Transform3D(1, 0, 0, -2.98023e-08, 1, 0, 0, 0, 1, 0, 0, 0)

[node name="Bush15" parent="Background Objects/Other Bushes" instance=ExtResource("16_j7yax")]
transform = Transform3D(1, 0, 0, -2.98023e-08, 1, 0, 0, 0, 1, 0, 0, 0)

[node name="Bush16" parent="Background Objects/Other Bushes" instance=ExtResource("16_j7yax")]
transform = Transform3D(0.80694, 0, 0.590634, -1.78814e-07, 1, -1.49012e-08, -0.590634, 0, 0.80694, -13.5164, 3.8147e-05, 4.9431)

[node name="Bush17" parent="Background Objects/Other Bushes" instance=ExtResource("16_j7yax")]
transform = Transform3D(0.548658, 0, -0.836047, -2.83122e-07, 1, 2.98023e-08, 0.836047, 0, 0.548658, -34.335, 5.34058e-05, -23.4998)

[node name="Bush18" parent="Background Objects/Other Bushes" instance=ExtResource("16_j7yax")]
transform = Transform3D(0.80694, 0, 0.590634, -2.68221e-07, 1, -1.49012e-08, -0.590634, 0, 0.80694, -34.335, 5.34058e-05, -23.4998)

[node name="Bush19" parent="Background Objects/Other Bushes" instance=ExtResource("16_j7yax")]
transform = Transform3D(0.895867, 0, -0.444322, -4.17233e-07, 1, 0, 0.444323, 0, 0.895867, -8.5386, -1.61612, -57.2795)

[node name="Bush20" parent="Background Objects/Other Bushes" instance=ExtResource("16_j7yax")]
transform = Transform3D(0.949967, 0, 0.312351, -4.17233e-07, 1, 6.70552e-08, -0.312351, 0, 0.949966, -1.77588, -0.81118, 63.8276)

[connection signal="pressed" from="UI/StartGamePanel/StartGameButton" to="CabbitManager" method="_on_start_game_button_pressed"]
[connection signal="pressed" from="UI/GameOverPanel/TryAgainButton" to="CabbitManager" method="_on_try_again_button_pressed"]
